sc 0 0 0

// set border lines
al 125  85   125  800
al 125  800  1480 800
al 1480 800  1480 85
al 1480 85   125  85

// shirt sleeve
al 125  410  590  410
al 125  655  230  615
al 230  615  380  615
al 380  615  590  660
ae 590  535  40   125

// top part of hand and thumb
al 590  440  640  440
al 640  440  695  420
al 695  420  740  255
al 740  255  770  225
al 770  225  791  222
al 791  222  813  246
al 813  246  814  284
al 814  284  789  366
al 789  366  788  429
al 788  429  814  443

// index finger
al 814  443  1167 443
al 1167 443  1191 462
al 1191 462  1191 494
al 1191 494  1088 523
al 1088 523  1034 527
al 1034 527  991  510
al 991  510  813  508

// middle finger
al 813  508  812  515
al 812  515  930  512
al 930  512  1008 520
al 1008 520  1019 535
al 1008 520  1019 535
al 1019 535  1015 556
al 1015 556  995  566
al 995  566  950  577
al 950  577  810  573
al 810  573  794  570
al 794  570  790  556
al 790  556  774  543
al 774  543  775  525
al 775  525  790  514
al 790  514  824  512

// middle fingernail
ac 810  540  15

// ring finger
al 998  567 1006 571
al 1006 571 1014 597
al 1014 597 994  618
al 994  618 914  630
al 914  630 824  618
al 824  618 781  596
al 781  596 786  571
al 786  571 813  570

// ring fingernail
ac 810  594  13

// little finger
al 991  621 1004 628
al 1004 628 1000 667
al 1000 667 978  678
al 1000 667 978  678
al 978  678 835  672
al 835  672 800  666
al 800  666 781  645
al 781  645 787  620
al 787  620 842  623

sc 0 0 0

// little fingernail
ac 811  640  12

// lower part of hand
al 840  675  782  677
al 782  677  658  627
al 658  627  584  620

// caterpillar body
ac 909  361  30
ac 948  364  30
ac 970  346  25
ac 975  316  30
ac 992  285  30
ac 1023 287  30
ac 1040 327  30
ac 1051 362  22
ac 1077 367  22
ac 1103 379  14
ac 1124 373  18
ac 1130 373  1
ac 1130 373  2

// caterpillar antenna
al 1124 352  1117 330
al 1117 330  1118 318
al 1118 318  1134 317
ac 1134 317  1
ac 1134 317  2
al 1122 343  1149 333
al 1149 333  1152 333
ac 1152 333  1
ac 1152 333  2

// caterpillar legs
al 911  401  906  432
al 946  393  954  429
al 984  378  994  420
al 1037 393  1045 424
al 1079 395  1090 424
al 1109 399  1125 427
al 1125 427  1128 428