// borders
al 125 85 125 800
al 125 800 1480 800
al 1480 800 1480 85
al 1480 85 125 85
al 200 85 200 800
al 1390 85 1390 800

// ground
al 200 700 785 700
al 885 700 1390 700

// plant
al 785 700 889 534
al 889 534 994 236
al 1004 191 1025 85
al 885 700 983 527
al 983 527 1057 281
al 1057 281 1085 175
al 1085 175 1104 136
al 1104 136 1106 85

// leaf
al 1004 191 857 152
al 857 152 682 152
al 682 152 508 256
al 994 236 829 172
al 829 172 655 187
al 655 187 508 256

al 901 163 847 121
al 847 121 631 133
al 631 133 531 161
al 531 161 316 254

al 871 182 820 183
al 820 183 679 227
al 679 227 537 323
al 537 323 482 337
al 482 337 428 328
al 428 328 360 303
al 360 303 316 254

al 560 232 550 278
al 575 215 580 180
al 610 210 613 260
al 635 180 640 160
al 655 185 660 225

// caterpillar body
ac 640 631 35
ac 704 620 35
ac 760 589 31
ac 792 527 35
ac 830 478 28

// caterpillar legs
al 634 665 629 700
al 660 666 669 700
al 701 658 719 694
al 736 644 772 683
al 788 604 805 601
al 805 601 830 640
al 813 550 842 559
al 842 559 859 584
al 826 525 869 520
al 869 520 884 536

// caterpillar antenna
al 820 452 800 416
al 800 416 799 392
al 799 392 820 383
ac 820 383 1
ac 820 383 2

al 820 452 823 415
al 823 415 832 394
al 832 394 842 392
ac 842 392 1
ac 842 391 2

// caterpillar eyes
ac 835 460 1
ac 835 460 2
ac 847 454 1
ac 848 455 1
al 856 474 844 479