// borders
al 125 85 125 800
al 125 800 1480 800
al 1480 800 1480 85
al 1480 85 125 85
al 200 85 200 800
al 1390 85 1390 800

// plant
al 343 800 409 514
al 409 514 406 382
al 406 382 364 85
al 433 800 481 515
al 481 515 491 383

al 499 356 490 343
al 490 343 491 314
al 491 314 487 290
al 487 290 450 85

// leaf
al 499 356 673 325
al 673 325 980 308
al 980 308 1073 323

al 491 385 694 344
al 694 344 889 327
al 889 327 1073 323

al 526 349 820 259
al 820 259 931 256
al 931 256 1116 302
al 1116 302 1179 334

al 551 370 738 391
al 738 391 844 388
al 880 391 1017 374
al 1017 374 1179 334

// broken cuccoon
al 868 370 836 401
al 836 401 827 448
al 827 448 826 479
al 826 479 861 466
al 861 466 894 470
al 894 470 917 478
al 917 478 913 439
al 913 439 868 370

// broken cuccoon lines
al 830 433 914 453
al 841 395 894 410

// butterfly middle body and head
ae 1173 600 20 70
ac 1173 516 15

// butterfly body lines
al 1158 558 1190 559
al 1155 582 1192 582
al 1154 610 1192 609
al 1158 639 1188 639
al 1167 665 1180 665

// butterfly right wing
al 1188 560 1282 482
al 1282 482 1296 481
al 1296 481 1323 517
al 1323 517 1321 532
al 1321 532 1312 548
al 1312 548 1267 578
al 1267 578 1266 592
al 1266 592 1276 613
al 1276 613 1297 632
al 1297 632 1297 647
al 1297 647 1276 662
al 1276 662 1263 659
al 1263 659 1222 641
al 1222 641 1191 638

// butterfly left wing
al 1156 558 1083 506
al 1083 506 1044 505
al 1044 505 1027 521
al 1027 521 1023 532
al 1023 532 1011 544
al 1011 544 1011 554
al 1011 554 1081 610
al 1081 610 1083 619
al 1083 619 1075 635
al 1075 635 1057 656
al 1057 656 1066 671
al 1066 671 1089 674
al 1089 674 1110 661
al 1110 661 1155 642

// butterfly eyes
ae 1162 508 3 5
ae 1183 508 3 5

// butterfly antenna
al 1168 501 1167 490
al 1167 490 1159 475
ac 1158 475 1
ac 1158 475 2

al 1181 505 1188 488
al 1188 488 1198 478
ac 1198 478 1
ac 1198 478 2

// butterfly spots left wing
ac 1099 577 5
ac 1110 550 3
ac 1048 530 5
ac 1093 650 4
ac 1127 626 4
ac 1143 596 3

// butterfly spots right wing
ac 1219 562 4
ac 1303 524 5
ac 1254 587 5
ac 1208 607 3
ac 1276 643 5
ac 1254 518 5